**Results starts**
n: 1
01

01


n: 2
00110

0001110


n: 3
0001110100

0000011111010100


n: 4
0000111101100101000

000000011111110110110010101000


n: 5
000001111101110011010110001010010000

000000000111111111011101110011010110001010010010000


n: 6
000000111111011110011101011100011011010011001011000010101000100100000

0000000000011111111111011110111100111010111000110110110100110010110000101010101000100100100000


n: 7
00000001111111011111001111010111100011101101110100111001011100001101100110101011010001100100110001011000001010100101000010010001000000

00000000000001111111111111011111011111001111010111100011101101110100111001011100001101100110101011010001100100110001011000001010100101001010000100100010001000000


n: 8
00000000111111110111111001111101011111000111101101111010011110010111100001110111011001110101011101000111001101110010011100010111000001101101011011000110101001101001011010000110011001010110010001100010011000010110000001010101000101001001010000010010000100010000000

00000000000000011111111111111101111110111111001111101011111000111101101111010011110010111100001110111011101100111010101110100011100110111001001110001011100000110110101101100011010100110100101101000011001100110010101100100011000100110000101100000010101010101010001010010010100000100100001000100010000000


n: 9
0000000001111111110111111100111111010111111000111110110111110100111110010111110000111101110111101100111101010111101000111100110111100100111100010111100000111011100111011010111011000111010110111010100111010010111010000111001100111001010111001000111000110111000100111000010111000000110110110100110110010110110000110101100110101010110101000110100100110100010110100000110011000110010100110010010110010000110001010110001000110000100110000010110000000101010100101010000101001000101000100101000000100100100000100010000100000000

0000000000000000011111111111111111011111110111111100111111010111111000111110110111110100111110010111110000111101110111101100111101010111101000111100110111100100111100010111100000111011100111011010111011000111010110111010100111010010111010000111001100111001010111001000111000110111000100111000010111000000110110110110110100110110010110110000110101100110101010110101000110100100110100010110100000110011000110010100110010010110010000110001010110001000110000100110000010110000000101010100101010010101000010100100010100010010100000010010010010010000010001000010000100000000


